-18200.20622222223
-20172.04772202021
-28627.84170666667
-25661.55801858586
-40048.94999272728
-44214.04206545454
-44088.9115410101
-44013.52073050506
-48418.00042020201
-48173.00686868687
-48868.286939797974
-44793.771287272735
-47114.20679757576
-47717.91272080808
-46036.905011717165
-30607.613724444447
-21643.594886464653
-21392.00160323233
-21100.895780202027
-19904.420460606063
-17575.868871111114
-15983.389582222224
-17625.86799838384
-16828.37928080808
-16156.01384727273
-14029.719427878788
-13375.869569292929
-16945.37283232323
-13692.730543838385
-19473.942858989896
-16012.314159265353
-14458.678613333333
-23812.515012525266
-23490.489974949494
-26454.225661414148
-33816.11520000002
-34219.45535353536
-32848.89941333334
-33796.042731313144
-34299.37038222222
-35328.219591111105
-42225.4851620202
-41545.064261818196
-47819.317475555545
-45616.13699878787
-38693.11813818181
-40925.874217373756
-40365.74249373738
-40569.05862464647
-36220.88590222223
-37589.41163313132
-31588.81507555556
-32304.530049292942
-25646.479980606066
-21488.741469090906
-21611.922463030307
-18872.886303030307
-13061.118862222218
-17129.854189898993
-14877.55770828283
-17015.13226343435
-16471.59885575758
-17369.433367272726
-20149.746656969703
-17606.591767272726
-20969.626841212128
-21057.71545858586
-21478.43465050505
-22858.18238707071
-26521.08417292929
-30164.48817131314
-28827.622658585868
-32540.863870707082
-35177.13511434344
-42219.32316444446
-47930.594831515155
-45280.21783272728
-44848.57059555556
-46679.38329858587
-38623.302231919195
-37515.37126141415
-32423.013675959603
-14109.312362020204
-14911.690007272728
-41176.99501252524
-42583.60857858585
-42978.71122101011
-44310.90336323232
-28383.901737373744
-24600.423227474752
-25777.746850909094
-19792.106278787884
-23335.32604767677
-30756.676266666676
-36964.010356363644
-44650.33122909091
-37512.1376969697
-27714.211736565663
-45123.91033535355
-43262.25164929294
-45367.29920646466