32525.252525252505
40525.25252525251
30828.28282828282
30828.28282828282
30909.0909090909
30909.090909090904
15878.78787878788
16525.25252525251
33575.757575757554
38989.89898989898
40686.86868686867
37454.545454545434
36727.272727272706
21535.353535353526
12888.888888888889
9171.717171717168
9090.909090909088
8767.676767676765
-202.02020202020867
-1575.7575757575855
-3434.343434343443
-3030.30303030304
-2787.8787878787975
27030.303030303025
16767.676767676756
-1898.9898989899075
28888.88888888888
29050.505050505046
32929.29292929291
10707.070707070703
10787.878787878786
34545.454545454544
37050.50505050504
40121.21212121212
35757.57575757575
32040.404040404035
20888.88888888888
9171.71717171717
40848.48484848483
-606.0606060606151
282.82828282827404
4727.2727272727225
-3676.7676767676876
32929.29292929291
38343.434343434325
38262.62626262626
40686.86868686867
40686.86868686867
38424.242424242424
38020.20202020201
22020.20202020201
40121.21212121212
39636.36363636363
23313.131313131304
5373.737373737368
-1494.9494949495047
36161.61616161614
38909.090909090904
39313.131313131315
31070.707070707067
15232.323232323231
13777.77777777778
20404.040404040392
