-6343.434343434353
-6424.242424242433
-767.6767676767763
40.40404040403291
-7636.363636363649
-18303.030303030304
-20646.46464646465
-29454.54545454546
-33333.33333333334
-19595.959595959597
-18707.070707070707
-2222.222222222231
-9333.333333333345
-20484.848484848488
-30747.474747474756
-30101.01010101011
-20888.888888888894
-20969.696969696975
-9575.75757575759
-4242.424242424251
-2868.6868686868784
-2141.41414141415
-1818.181818181827
-2383.838383838391
-26545.45454545455
-22424.242424242428
-2868.6868686868784
-11272.72727272727
-12565.656565656564
-18464.646464646466
-27272.72727272728
-25898.98989898991
-26787.87878787879
-13535.353535353534
-8121.212121212133
-30747.474747474756
-30747.474747474756
-26222.22222222223
-5454.545454545464
-525.2525252525315
767.6767676767613
-3515.151515151526
-18222.222222222226
-12727.272727272728
-12808.08080808081
-14181.818181818182
-23151.515151515156
-22989.898989898997
-26060.606060606067
-31151.515151515163
-27919.19191919193
-29131.31313131314
-23959.595959595965
-19757.575757575763
-12969.69696969697
-28080.80808080809
-27595.9595959596
-12808.08080808081
-4323.2323232323315
-3353.535353535362
-25171.717171717177
-2707.0707070707144
-30262.626262626272
