-3272.727272727281
-6424.242424242433
-6262.626262626273
-4242.424242424252
-2464.646464646472
-1737.3737373737472
13292.929292929291
12969.69696969697
12969.69696969697
11676.767676767677
10868.686868686867
9252.525252525249
8767.676767676765
7959.595959595956
5858.585858585855
4646.464646464639
4888.888888888885
3030.3030303030246
4646.464646464639
2707.0707070707017
-40.40404040404792
-1171.717171717179
-1090.9090909090983
-5292.929292929302
3111.1111111111045
2383.838383838376
1979.7979797979733
3838.383838383833
4646.464646464639
9575.757575757574
8848.484848484846
-5050.50505050506
-5212.121212121221
-2464.646464646472
121.21212121211374
6181.818181818177
1898.9898989898925
444.4444444444357
-5292.929292929302
-3111.1111111111195
10383.83838383838
6262.626262626257
1575.7575757575705
9575.757575757572
11676.767676767677
-5131.313131313141
-4080.8080808080904
2626.262626262618
-4808.080808080818
