0
2268
3961
5389
6626
7746
8803
9786
10728
11625
12481
13307
14101
14869
15608
16322
17013
17684
18336
18974
19605
20223
20834
21436
22030
22616
23194
23765
24332
24887
25438
25982
26519
27051
27579
28102
28619
29128
29637
30142
30644
31141
31636
32129
32618
33104
33587
34065
34544
35018
35493
35962
36429
36896
37357
37813
38270
38723
39172
39619
40065
40509
40952
41392
41829
42265
42699
43130
43562
43994
44426
44856
45287
45715
46143
46571
46999
47427
47857
48287
48718
49151
49585
50019
50454
50890
51328
51766
52206
52646
53090
53534
53982
54433
54888
55346
55808
56272
56741

