0
1870
3215
4349
5321
6202
7023
7782
8506
9191
9844
10468
11069
11648
12207
12746
13269
13776
14270
14753
15227
15695
16154
16606
17051
17488
17918
18342
18760
19172
19578
19978
20373
20763
21150
21532
21909
22284
22655
23022
23386
23747
24105
24459
24810
25159
25505
25849
26188
26528
26864
27197
27528
27856
28181
28505
28826
29146
29462
29778
30092
30404
30713
31021
31326
31630
31932
32233
32533
32832
33129
33426
33721
34016
34309
34602
34894
35186
35477
35768
36060
36352
36643
36934
37224
37515
37805
38096
38386
38677
38968
39261
39553
39846
40140
40434
40729
41025
41322
41621
41920

