1915
3278
4409
5382
6251
7052
7791
8492
9153
9782
10384
10961
11516
12052
12569
13068
13554
14025
14485
14937
15381
15816
16245
16667
17081
17489
17892
18290
18681
19069
19451
19828
20200
20569
20933
21292
21647
22000
22348
22695
23038
23379
23717
24052
24385
24716
25045
25371
25697
26020
26340
26659
26976
27291
27605
27917
28227
28534
28841
29146
29450
29752
30053
30352
30650
30947
31242
31536
31830
32123
32416
32705
32995
33284
33572
33859
34147
34432
34718
35004
35289
35574
35859
36143
36427
36711
36994
37277
37560
37843
38126
38410
38694
38978
39262
39547
39832
40119
40406

