0
251
502
753
1004
1252
1499
1747
1992
2238
2484
2729
2974
3218
3461
3704
3946
4188
4429
4670
4911
5152
5393
5634
5875
6116
6357
6597
6837
7076
7315
7553
7791
8029
8267
8505
8743
8979
9216
9452
9688
9923
10158
10393
10627
10861
11095
11328
11562
11795
12029
12262
12495
12727
12959
13191
13422
13653
13883
14113
14342
14571
14801
15030
15258
15487
15714
15942
16170
16397
16624
16850
17077
17301
17526
17751
17975
18199
18423
18646
18871
19095
19319
19544
19769
19993
20218
20443
20668
20893
21119
21346
21573
21800
22028
22257
22486
22716
22946
23177
23409
23646
23893
24160
24459
24818
25249
25889
