0
2444
3907
5060
6049
6915
7709
8450
9140
9796
10421
11015
11588
12137
12667
13177
13670
14148
14612
15064
15506
15939
16364
16781
17189
17589
17982
18368
18749
19122
19491
19852
20208
20559
20906
21248
21585
21917
22247
22571
22893
23210
23525
23836
24144
24449
24752
25053
25350
25647
25942
26234
26525
26813
27099
27384
27667
27949
28228
28507
28784
29060
29334
29607
29879
30149
30418
30686
30953
31220
31486
31753
32017
32281
32545
32808
33071
33334
33595
33857
34119
34381
34643
34905
35165
35426
35686
35946
36206
36467
36727
36988
37250
37512
37774
38036
38299
38562
38826
39090
